500
500
500
500
500
500
500
500
431
500
500
500
500
500
500
500
500
500
500
500
500
500
500
500
500
474
500
500
500
500
500
500
357
500
500
500
500
500
500
285
500
464
500
500
500
500
500
500
296
500
500
500
500
500
500
500
68
500
500
117
500
500
500
154
500
493
500
500
500
500
500
500
184
500
500
194
500
500
500
337
169
500
500
500
131
76
500
500
500
500
500
500
500
145
500
500
500
153
500
159
500
500
195
51
500
116
500
142
70
43
500
500
111
235
500
500
172
45
151
500
500
100
500
169
500
119
35
500
500
500
60
170
77
68
33
26
500
500
35
22
500
49
19
23
23
20
263
59
19
28
22
22
19
20
20
19
20
19
20
27
46
26
19
26
19
19
22
19
29
61
187
20
21
20
20
19
20
28
20
34
19
65
21
21
27
19
20
20
51
21
20
20
20
19
21
20
75
158
20
500
23
78
28
36
25
22
20
19
22
20
20
71
21
19
29
21
134
20
22
30
21
78
19
41
76
19
21
19
21
500
35
22
22
24
19
32
20
21
22
20
500
19
500
500
93
111
20
20
19
20
22
19
25
21
21
51
19
82
21
20
26
19
20
24
20
20
19
26
19
19
20
19
33
20
25
19
21
22
57
61
20
21
19
21
21
23
20
19
21
27
28
37
20
20
85
23
19
26
21
20
28
36
22
19
19
21
20
20
20
19
500
25
20
81
27
21
22
21
20
21
82
27
21
21
19
19
20
21
22
172
23
23
20
23
20
19
19
20
20
20
22
26
20
26
192
36
20
22
23
20
30
20
23
19
20
19
19
24
20
22
20
24
23
19
24
23
19
19
21
24
22
20
19
20
21
23
40
20
19
20
24
28
500
20
20
20
19
19
20
23
500
22
19
26
20
19
62
19
21
21
23
20
21
20
80
21
25
22
26
20
20
19
43
25
27
21
19
19
24
20
20
23
21
20
500
22
19
21
30
23
21
24
21
29
23
20
21
19
20
33
22
21
21
19
19
20
65
20
19
22
19
25
23
22
24
22
20
27
21
21
19
21
19
98
24
21
19
19
21
19
31
19
20
20
25
20
27
20
500
22
20
20
20
19
24
20
19
20
19
19
25
20
20
19
24
23
21
23
23
19
500
24
21
21
19
19
83
23
27
19
20
20
23
19
500
23
22
25
19
20
19
20
20
19
21
20
19
45
24
19
500
19
24
19
23
21
20
19
500
19
19
19
20
22
20
30
21
23
21
23
20
23
22
30
22
19
25
23
21
21
20
21
20
21
20
21
29
20
19
22
21
21
19
27
22
21
500
20
500
19
23
24
19
22
19
19
28
22
20
21
24
20
20
23
23
24
22
21
19
21
19
20
24
29
22
21
22
20
22
19
23
19
20
25
21
23
26
19
22
20
25
20
22
20
25
19
26
500
30
20
27
21
19
22
20
21
21
21
19
23
19
19
25
20
26
25
23
19
30
23
25
22
20
42
29
25
20
19
23
24
20
26
500
23
20
19
22
19
23
500
24
27
19
46
20
22
22
19
24
20
22
21
22
24
24
22
24
20
23
20
23
21
30
24
19
20
23
19
21
20
25
19
21
22
28
19
20
25
19
22
27
22
26
23
23
19
19
22
25
24
19
35
21
26
22
19
20
20
20
19
19
21
20
21
24
21
20
25
21
22
19
21
20
21
21
21
20
19
19
26
500
24
19
22
19
19
21
19
19
25
20
25
21
22
24
19
23
20
27
21
19
21
24
28
24
27
19
19
23
19
24
21
19
21
22
19
20
21
21
20
26
23
19
22
21
20
19
20
20
20
23
22
22
21
19
20
21
27
23
26
19
21
25
20
22
22
19
20
19
28
20
19
19
19
22
21
25
20
26
20
19
21
57
20
21
21
21
26
19
28
20
29
23
20
20
19
23
22
26
500
19
23
21
28
20
20
22
41
19
22
54
24
19
23
21
20
19
20
25
19
23
21
24
21
24
21
23
22
22
22
21
19
28
19
21
23
28
20
24
19
19
23
19
24
22
21
19
24
500
32
22
22
21
21
22
22
22
20
21
28
21
20
20
21
23
21
26
21
19
23
24
19
24
19
22
21
23
20
23
20
24
19
19
21
19
24
21
20
19
21
20
27
21
19
25
20
26
21
22
20
21
25
21
19
19
22
19
21
21
22
20
21
23
22
20
26
22
25
19
23
21
26
21
20
22
19
26
20
19
21
21
20
19
21
22
19
19
25
27
27
20
22
20
19
27
23
19
19
29
21