500
500
500
500
500
500
500
500
500
500
500
500
500
500
500
500
500
500
500
500
500
500
500
500
500
500
500
500
500
500
500
500
500
500
500
500
500
500
500
500
500
500
500
500
500
500
500
500
500
500
500
500
500
500
500
500
500
334
500
500
500
500
500
500
500
500
500
500
500
500
500
500
500
500
500
500
500
500
192
500
500
500
500
500
500
500
500
500
500
500
500
417
500
500
500
500
500
500
500
500
500
500
500
500
431
500
500
500
500
500
500
424
500
500
500
500
500
500
500
500
500
397
500
500
500
500
500
500
500
500
408
500
500
500
449
500
500
500
500
500
500
500
500
500
500
500
315
258
500
500
500
500
500
500
500
437
500
500
500
500
500
500
500
500
500
500
500
393
500
500
500
500
500
249
500
500
500
500
500
266
500
500
305
500
500
500
500
500
500
316
500
500
500
500
500
295
500
500
500
500
500
500
500
500
500
500
350
500
500
307
500
500
500
500
376
500
223
500
500
500
500
500
500
500
500
442
500
500
500
500
500
500
500
81
500
500
500
500
303
500
500
500
347
500
282
500
500
500
500
500
290
500
500
446
500
500
500
500
490
500
500
500
500
227
500
421
500
345
500
500
500
500
500
500
86
500
500
500
500
134
500
500
500
497
500
500
500
500
207
500
246
500
500
500
260
500
500
184
500
500
500
408
90
500
500
500
412
500
500
500
500
500
500
500
500
186
441
500
116
500
500
500
500
362
283
500
500
271
500
500
500
500
154
500
500
500
173
207
500
259
500
500
500
193
500
500
113
500
160
500
500
500
500
98
500
500
500
500
500
500
415
212
500
500
500
500
187
500
500
500
500
500
126
500
203
500
275
500
500
198
394
500
500
500
500
500
124
500
365
500
500
500
500
500
391
500
124
500
500
116
220
500
500
500
500
48
500
500
52
500
500
259
500
500
500
500
132
500
500
500
500
231
500
500
500
500
54
500
157
500
500
41
500
296
500
237
500
500
171
500
64
484
73
500
500
500
500
500
40
500
500
213
500
205
500
500
89
500
214
500
392
196
500
500
160
500
500
500
500
84
228
210
104
500
49
500
180
500
500
79
220
500
500
110
500
500
500
500
89
30
129
136
500
72
74
500
500
500
500
500
500
500
500
80
192
89
120
500
105
209
38
500
500
500
500
500
500
23
102
500
124
154
165
500
500
125
500
41
103
500
175
28
500
500
500
500
232
40
43
500
186
252
500
93
500
57
500
500
76
182
500
181
500
500
32
37
63
166
500
340
24
236
500
41
500
78
405
28
25
500
42
500
500
43
42
28
167
500
41
500
90
22
56
145
500
500
21
28
500
500
45
84
500
191
148
24
74
46
238
23
500
500
20
24
500
159
79
500
94
108
25
49
37
500
112
94
308
25
500
40
38
500
500
500
170
90
177
148
24
500
71
86
19
270
37
22
23
500
35
40
500
21
21
500
500
28
117
145
28
500
19
33
261
113
27
23
20
169
20
119
21
124
500
37
64
31
20
21
21
20
174
500
140
37
23
21
21
196
24
20
24
21
21
500
19
500
21
126
19
91
19
200
500
20
63
20
29
21
70
20
19
19
19
20
21
19
71
21
65
500
21
120
28
20
500
25
21
21
63
114
78
22
28
38
27
118
19
20
19
21
20
22
19
500
20
61
28
22
19
21
23
500
20
45
21
500
299
21
500
23
32
20
21
20
22
164
500
29
500
500
20
28
26
58
21
99
21
20
32
26
19
22
34
22
21
22
20
23
20
55
27
19
500
19
73
31
21
19
19
23
20
19
22
20
19
29
19
500
19
20
22
19
500
20
20
22
46
20
23
19
21
21
21
20
22
42
22
26
20
21
89
135
500
20
20
30
19
27
20
94
19
37
24
30
20
24
25
84
22
31
50
500
20
21
27
44
19
100
19
22
20
29
21
19
81
20
21
20
22
72
20
55
500
23
19
104
20
75
20
350
25
500
500
20
23
27
19
23
22
21
20
114
44
20
20
20
24
75
20
19
20
19
20
23
20
19
20
85
19
22
478
20
19
23
19
19
109
22
19
19
20
23
26
20
23
20
21
33
22
19
112
21
20
19
20
500
22
19
79
20
22
20
80
22
500
24
39
25
20
20
27
19
21
19
23
500
84
21
19
20
20
19
20
19
92
26
24
20
20
19
19
21
20
19
20
21
20
22
20
20
19
28
500
21
23
19
100
21
25
73
23
20
23
27
21
19
26
21
19
19
19
19
20
20
25
19
19
57
21
22