500
500
500
500
500
500
500
500
500
500
500
500
500
500
500
500
500
500
500
500
160
387
416
205
500
500
500
500
500
500
500
500
500
500
500
500
500
500
500
500
500
500
500
500
116
126
500
500
500
500
193
500
500
342
247
500
500
500
500
500
500
500
500
500
500
500
500
500
500
500
500
500
500
500
500
500
500
500
500
182
500
500
500
500
500
500
500
500
500
500
500
500
500
500
500
500
500
500
500
500
500
500
500
500
443
500
500
500
500
500
500
500
177
32
102
119
500
500
500
500
500
500
500
500
500
442
500
39
101
391
203
76
500
50
500
33
32
19
37
500
40
102
20
38
500
20
29
19
22
29
19
19
19
500
24
42
21
19
19
500
94
21
22
19
21
23
29
21
21
20
500
500
26
26
19
26
21
19
19
20
22
20
20
24
20
19
19
118
21
34
19
34
19
19
19
20
20
22
24
20
19
500
23
23
21
21
23
500
19
19
500
22
21
25
20
19
30
21
74
20
21
500
25
24
25
20
20
24
21
20
20
24
19
20
21
19
19
20
500
20
21
30
20
19
21
51
20
19
21
21
23
25
21
22
500
22
22
500
20
20
20
25
21
21
19
25
22
20
31
23
19
19
67
23
23
19
23
19
149
24
21
20
22
20
22
21
19
19
31
20
20
20
19
20
21
19
19
21
23
22
19
23
61
20
21
26
21
29
29
22
25
23
21
20
68
19
26
24
25
19
31
19
21
23
19
20
24
21
21
20
19
23
23
30
26
28
22
20
20
21
19
21
19
21
25
19
19
19
500
212
22
24
20
22
19
20
19
23
20
20
28
22
21
19
19
26
25
19
21
20
21
23
23
21
19
20
55
19
21
24
23
21
23
23
21
35
21
19
500
24
19
19
20
23
21
20
19
25
24
19
25
19
20
23
19
25
20
22
21
19
21
22
20
21
20
24
32
22
21
20
19
19
20
21
19
19
20
20
20
23
21
23
19
19
21
19
19
22
24
22
19
27
20
21
21
19
24
500
19
27
25
20
24
20
21
21
23
20
20
20
22
21
21
20
20
19
23
21
23
23
19
22
23
19
19
23
19
23
21
20
21
22
23
20
24
24
20
21
20
24
26
28
38
20
19
23
23
19
25
23
20
19
26
23
23
21
21
20
30
26
21
21
26
19
21
40
22
19
25
21
19
500
23
500
20
23
19
21
22
64
20
24
24
20
21
21
26
19
19
20
21
26
26
28
19
24
24
21
29
21
46
21
19
21
22
22
19
25
21
23
19
20
23
21
21
22
20
20
19
19
23
21
46
22
20
19
19
20
20
22
21
19
19
20
19
20
27
21
20
22
23
22
20
19
19
20
25
19
500
19
19
22
30
20
500
21
21
22
20
20
23
19
22
22
20
21
20
23
21
19
21
22
22
23
500
23
24
22
25
19
25
21
20
20
19
19
24
500
23
20
19
29
20
28
23
21
22
24
24
24
25
20
21
22
19
21
20
26
24
23
20
29
20
23
21
23
23
21
23
19
22
19
20
20
21
21
19
24
23
29
19
20
19
23
20
26
22
22
21
19
20
19
21
22
19
19
22
22
20
19
19
20
25
20
24
20
21
24
23
500
22
19
27
19
22
20
20
22
21
24
21
20
22
20
21
19
21
21
20
19
27
21
20
20
23
20
31
19
21
22
19
21
20
21
21
22
22
22
21
20
20
20
21
25
23
21
20
23
19
21
25
21
19
21
19
19
19
22
20
28
22
22
23
19
19
19
21
24
24
21
19
22
20
22
23
27
20
19
23
27
21
24
19
22
21
19
20
23
19
25
22
19
23
19
22
21
19
20
20
21
23
19
22
20
500
22
24
22
19
19
19
19
23
19
25
20
23
21
20
20
19
20
23
19
21
25
23
22
21
26
23
19
25
27
21
20
19
23
24
20
24
22
22
19
23
19
24
22
21
20
22
21
23
21
23
22
21
22
22
20
19
20
19
19
20
19
19
25
21
23
20
29
22
26
24
21
21
20
21
23
21
20
21
23
19
21
19
24
25
21
27
19
20
20
19
20
21
23
22
20
19
19
31
21
20
21
24
26
25
19
19
20
23
500
21
22
25
20
19
20
19
24
21
20
20
20
20
22
21
20
24
19
19
24
22
26
23
20
21
19
24
20
25
500
22
19
19
22
20
19
500
20
24
21
23
21
23
22
21
22
19
20
25
22
22
21
25
19
22
21
19
25
24
27
20
19
22
23
24
19
21
21
22
19
24
21
23
22
22
20