500
500
500
500
500
500
500
500
500
500
500
500
500
500
500
500
394
500
500
500
500
500
500
500
500
500
500
500
500
268
182
500
500
500
245
500
500
500
500
500
500
500
499
363
231
500
500
225
500
169
500
500
500
500
500
500
500
500
500
500
500
500
500
500
500
500
500
500
500
500
500
500
500
500
500
500
500
500
500
500
500
500
500
500
500
500
500
500
500
500
500
500
500
500
500
500
500
500
500
500
500
500
500
500
500
500
500
500
500
500
500
500
500
500
500
500
500
500
500
500
500
500
500
500
500
500
500
500
500
500
500
500
500
500
500
500
500
500
500
500
500
500
500
500
500
500
500
500
500
500
500
500
500
500
500
500
500
500
500
500
500
500
500
500
500
500
500
500
500
500
500
390
500
500
500
500
500
80
500
500
500
500
500
500
500
500
500
500
500
500
500
500
500
40
500
500
500
500
500
500
500
500
500
500
500
500
500
500
500
500
500
500
500
500
500
500
500
500
500
500
500
500
500
500
500
500
500
500
500
500
500
500
500
500
500
500
500
500
500
500
500
500
500
500
500
500
500
500
500
500
500
500
500
500
500
500
500
500
500
500
500
500
500
500
500
500
500
500
500
500
500
500
500
500
500
500
500
159
500
500
500
500
500
500
500
500
500
500
500
500
500
500
500
500
500
500
500
500
500
500
500
500
500
500
500
500
500
500
175
500
500
500
139
500
500
500
500
500
500
500
500
500
500
500
500
500
118
500
500
500
500
183
500
500
500
500
500
500
500
500
500
500
500
500
500
500
500
500
500
500
500
500
500
500
500
500
500
500
500
500
500
500
500
500
500
500
500
500
500
500
500
500
500
500
500
500
500
500
500
500
500
500
500
500
500
500
500
500
500
500
500
500
500
500
500
500
206
500
500
500
500
500
500
500
500
500
500
500
500
500
500
500
500
500
500
500
500
500
500
500
500
500
500
500
500
500
500
500
500
500
500
500
500
500
500
500
500
500
500
500
500
500
500
500
500
500
500
500
500
500
500
500
500
500
443
500
500
500
500
500
500
500
500
500
500
500
500
500
500
500
500
500
500
500
500
500
500
500
500
500
277
500
500
500
500
500
500
500
500
500
500
500
500
500
500
500
500
175
500
500
250
500
500
157
500
500
227
500
500
500
500
500
500
76
500
500
500
147
109
107
500
500
500
33
500
176
199
138
500
500
29
107
500
56
272
23
122
23
53
27
20
19
500
20
19
19
20
20
20
24
56
19
500
19
20
19
22
33
22
20
19
19
22
20
19
21
20
27
23
48
29
19
24
21
20
21
31
26
22
19
22
249
23
500
19
19
20
19
24
22
21
35
21
500
20
31
22
19
20
19
21
23
208
24
20
20
31
20
22
21
53
19
21
19
39
20
24
21
21
20
106
28
20
34
261
21
20
20
20
21
24
22
21
25
20
26
21
19
30
20
19
22
24
20
48
20
19
264
23
500
23
19
20
23
21
27
19
20
19
22
19
22
19
25
20
23
22
24
500
19
19
25
21
19
47
21
20
19
23
19
20
21
21
26
93
30
19
19
22
25
22
21
21
19
20
500
22
22
21
32
21
21
22
22
20
26
21
20
20
19
78
24
22
22
21
35
20
19
21
25
23
20
24
20
24
20
19
21
22
20
500
24
20
22
28
19
21
19
24
21
21
29
21
22
24
500
22
22
19
25
20
19
35
19
20
21
20
20
21
20
21
20
19
24
22
21
23
21
21
24
21
29
24
22
19
24
20
19
22
20
19
23
19
22
21
64
25
19
21
19
21
28
19
22
26
19
22
20
19
23
21
19
25
21
19
52
21
21
20
20
22
23
21
22
19
21
19
23
19
22
21
24
19
21
19
21
19
22
20
21
22
19
25
19
21
19
20
19
20
500
21
22
20
26
24
21
19
22
20
19
23
20
69
21
20
20
20
23
27
19
22
22
21
19
20
20
21
20
19
30
21
22
25
23
20
21
23
500
21
20
19
37
20
21
21
24
21
19
22
21
21
27
22
20
21
20
21
23
24
22
24
22
19
21
22
22
19
19
21
19
19
20
24
19
21
22
22
22
500
22
22
22
19
19
30
20
21
20
19
59
23
19
21
23
24
22
21
20
20
21
19
19
26
20
19
19
25
21
21
21
19
20
21
23
21
21
20
21
20
21
19
26
19
19
24
26
19
22
21
19
20
25
26
22
20
500
19
25
20
21
22
500
25
20
20
25
24
25
22
24
25
500
22
25
23
23
26
26
20
19