500
500
500
500
500
500
500
500
500
500
500
500
500
500
500
500
500
500
500
500
500
500
500
500
500
500
440
500
500
500
495
500
500
331
500
500
500
500
500
500
500
500
500
500
70
500
500
500
500
500
500
489
367
500
500
500
346
500
500
500
500
185
500
500
500
500
136
500
500
500
236
373
123
500
500
500
184
500
289
500
500
500
195
500
500
500
500
500
500
238
164
500
500
171
205
500
500
171
500
500
500
500
500
500
500
295
107
84
500
500
500
500
56
258
377
500
500
500
500
357
48
500
94
26
500
110
33
171
27
500
47
76
108
23
187
500
41
29
202
29
104
500
500
21
95
21
31
72
20
22
22
19
22
21
20
85
20
21
20
22
20
500
19
19
19
19
20
22
20
23
19
21
20
23
21
25
23
20
19
19
19
21
19
23
41
25
20
22
500
20
20
21
128
30
31
23
51
40
21
19
21
23
23
20
168
24
21
32
500
24
19
22
19
500
84
20
19
21
22
20
22
33
20
20
500
26
20
27
21
19
146
21
23
19
41
24
21
26
20
23
20
19
21
19
21
21
21
19
21
19
34
19
19
24
22
20
23
20
19
21
25
25
21
21
54
21
23
19
20
77
21
20
21
21
500
20
21
20
27
59
20
29
28
21
19
21
21
23
28
20
20
19
21
63
19
20
70
44
19
23
21
19
21
19
39
90
23
20
67
63
19
20
21
22
28
24
19
23
19
21
79
20
23
19
19
19
23
21
22
21
500
24
21
21
82
19
22
19
22
20
25
21
21
21
22
20
24
20
20
21
19
21
21
21
19
21
500
20
22
20
28
21
42
23
20
500
24
24
20
20
19
26
20
24
24
19
19
19
48
26
19
41
19
19
24
20
19
22
19
20
20
20
31
48
20
20
500
22
23
19
20
20
20
20
23
19
40
22
27
21
20
76
19
500
20
19
35
20
500
22
23
19
22
28
20
20
20
19
126
19
58
22
29
19
23
22
19
27
21
49
22
20
28
19
22
22
23
19
22
22
21
24
21
23
19
20
21
23
27
25
19
19
20
19
19
25
21
22
23
19
25
21
500
19
19
21
35
19
19
52
22
19
19
23
25
22
21
19
20
26
20
500
21
20
71
27
24
22
22
24
19
20
22
500
19
20
21
20
20
19
24
20
21
26
24
23
22
21
20
19
20
22
22
20
21
19
19
19
23
21
21
22
21
23
20
22
19
20
19
21
21
19
24
24
22
19
19
19
24
19
22
26
20
20
24
34
21
23
19
20
21
23
19
22
24
30
29
19
19
44
30
23
20
20
21
19
19
19
21
21
19
26
21
22
20
19
21
22
23
22
20
23
19
23
20
19
20
22
24
26
20
20
22
19
20
24
20
21
21
21
21
28
24
19
27
24
21
19
34
28
22
22
21
20
20
22
29
40
23
20
20
19
22
23
500
22
21
21
19
21
21
22
500
26
25
26
25
20
19
20
26
22
26
23
23
25
19
20
20
22
24
19
24
19
21
500
20
22
24
23
23
27
26
22
29
19
19
25
23
22
21
21
22
22
22
25
22
27
22
26
22
19
22
24
22
20
22
27
21
20
24
19
20
19
19
25
23
19
23
20
19
21
23
22
26
20
21
22
24
19
24
22
21
22
20
23
19
28
19
20
19
23
22
20
21
23
20
21
21
40
27
21
500
23
26
20
22
20
22
24
20
20
23
19
22
19
19
500
21
19
20
25
21
30
28
27
20
20
19
23
28
500
24
27
20
24
21
20
21
500
19
24
500
20
19
500
20
20
24
19
24
23
20
24
19
23
26
22
20
26
22
25
29
500
20
23
20
19
500
22
20
19
20
22
19
20
22
22
25
24
20
22
21
19
19
19
20
22
27
22
22
22
25
19
19
22
20
19
22
19
25
23
25
19
22
21
24
23
23
21
24
21
23
21
23
19
500
22
19
22
19
19
26
26
19
19
21
21
24
19
20
20
22
24
20
21
21
24
20
19
19
21
24
26
19
20
22
22
22
24
21
22
21
19
20
21
21
21
20
20
20
22
28
22
19
22
20
24
21
20
19
20
20
19
20
500
500
22
24
20
21
19
23
25
25
21
22
25
22
21
23
22
19
20
19
19
19
19
22
21
23
20
23
20
20
19
20
21
27
19
20
26
22
19
24
21
22
21
20
28
500
24
23
21
43
19
24
19
20
25
20
21
22
19
21
20
19
19
24
20
19
21
19
21
19
19
21
21
20
19
20
20
19
24
21
21
500
28
19
20