409
190
4111
187
159
316
316
163
163
230
176
91
195
178
49
203
55
86
248
67
60
74
49
52
137
56
60
139
48
83
197
54
67
45
60
61
62
32
33
64
38
76
37
39
38
37
33
25
60
22
41
48
27
23
37
24
30
41
25
22
33
25
26
27
42
24
38
27
25
58
24
25
37
21
25
27
22
21
44
25
27
22
23
22
25
30
22
20
20
22
22
25
26
20
29
20
22
20
22
20
24
20
20
22
34
22
20
30
22
24
21
29
23
25
26
23
23
29
24
23
20
24
23
24
24
21
24
22
21
20
20
24
22
29
25
22
22
21
20
22
26
24
23
24
25
20
20
25
28
20
23
22
21
20
22
20
26
22
21
23
22
27
20
20
32
26
20
20
20
24
24
21
22
24
21
27
23
20
20
20
22
20
23
23
20
22
24
21
20
22
22
23
21
22
20
32
24
25
21
22
20
21
39
24
27
22
24
43
23
22
20
21
20
25
25
21
22
24
21
22
24
20
20
28
21
22
22
21
26
22
25
20
22
20
24
27
22
24
20
20
22
24
22
22
20
20
22
22
20
22
20
21
22
23
20
23
23
20
22
20
20
20
24
29
20
22
23
26
22
20
22
20
22
20
20
22
20
20
22
20
22
20
22
20
22
23
28
20
25
26
21
24
20
25
23
22
20
23
21
24
29
23
27
27
25
24
25
28
25
23
21
20
22
22
24
23
22
31
20
21
22
22
24
20
22
23
20
23
23
21
20
24
24
20
21
24
20
21
24
20
22
20
22
20
26
22
20
21
21
22
20
20
26
20
25
23
24
22
20
22
27
26
20
26
25
30
30
20
26
22
20
20
20
24
20
21
24
20
20
24
21
23
20
22
26
20
24
20
25
24
20
22
28
31
20
22
25
23
22
22
23
29
26
21
20
23
21
20
20
20
22
25
25
25
23
21
22
20
20
22
20
22
22
24
25
22
20
20
22
20
20
23
21
22
20
22
22
22
28
22
20
24
23
20
22
22
20
24
24
26
26
20
22
22
20
23
23
22
22
26
24
20
20
22
24
22
23
20
22
20
22
26
25
20
26
24
26
24
22
24
20
23
20
25
22
22
24
20
24
22
30
23
21
23
20
24
21
20
22
26
22
24
23
21
20
20
20
20
34
20
20
25
20
21
20
23
20
22
20
22
21
24
22
22
24
26
25
22
26
20
22
24
20
23
22
23
23
20
25
22
20
22
22
26
23
20
24
26
20
24
26
26
23
25
23
25
24
30
24
22
20
22
21
25
22
20
32
21
20
24
23
22
22
20
24
20
20
20
20
25
20
22
20
24
22
24
26
22
21
22
23
22
24
26
20
25
20
26
22
22
28
20
23
24
23
20
21
20
26
25
20
23
22
25
21
22
21
24
30
20
20
25
23
24
23
23
21
24
22
28
22
20
21
21
20
20
27
25
20
20
23
24
30
20
22
31
22
20
21
26
21
21
20
20
22
23
22
21
22
20
20
22
21
21
20
23
20
24
24
24
20
20
24
20
24
22
22
22
22
23
26
22
36
25
21
20
24
25
28
22
20
20
22
20
20
24
21
21
21
20
22
26
22
20
22
24
24
22
20
26
20
20
20
20
24
20
20
23
21
22
22
24
22
20
24
23
22
20
22
22
25
20
24
20
26
20
24
20
22
22
22
20
22
22
20
20
22
22
27
22
24
20
22
24
22
22
20
21
21
22
22
26
22
23
20
20
23
24
24
20
22
23
22
24
22
25
29
22
23
24
20
26
24
21
20
22
24
22
21
22
22
27
22
23
20
22
25
22
22
22
20
24
24
23
22
22
26
29
22
25
22
28
20
28
20
20
25
23
22
21
22
20
21
25
26
20
24
20
20
20
24
20
20
22
24
28
22
22
22
22
24
27
20
22
20
20
24
26
22
20
24
20
20
20
20
22
20
22
20
20
20
24
20
25
25
25
23
20
22
20
23
22
22
20
20
23
20
26
24
24
28
22
21
22
22
22
26
27
20
20
22
23
27
22
21
24
21
20
22
23
20
22
20
22
21
22
24
21
23
20
21
23
26
23
22
23
24
22
23
25
24
22
20
21
22
23
22
21
22
20
22
20
24
23
22
22
21
22
24
20
22
20
22
20
23
24
21
24
24
23
22
22
26
24
26
29
24
26
23
20
22
20
26
26
26
22
22
20
26
20
22
28
20
23
20
26
22
22
24
23
24
29
20
24
26
20
22
23
26
20
21
24
21
23
20
20
22
29
22
20