572
522
380
362
223
288
100
336
66
118
339
143
106
221
103
116
193
105
53
163
124
104
81
125
117
163
84
67
66
72
130
145
53
88
92
48
60
62
73
50
77
75
47
97
66
108
79
67
80
53
56
101
67
43
55
55
50
59
66
57
70
56
38
84
61
58
40
31
30
58
59
27
67
24
50
43
58
51
43
31
32
86
43
38
27
51
28
48
41
36
36
81
40
29
57
31
53
41
28
22
44
27
41
26
37
47
34
28
29
54
26
26
26
35
27
35
25
41
35
22
33
74
25
27
24
27
28
24
32
20
27
25
38
25
23
47
36
26
37
26
22
26
42
21
34
31
24
29
24
35
24
26
27
24
23
26
25
20
24
36
30
32
21
20
22
23
25
20
23
22
20
23
23
27
25
22
25
28
20
22
38
25
24
24
27
25
28
25
23
34
29
25
22
22
41
22
28
21
22
28
22
20
22
25
26
20
22
21
25
23
21
20
24
31
23
22
21
21
27
20
22
22
22
25
24
22
22
22
24
22
20
23
20
22
29
20
20
22
27
20
22
20
20
23
20
27
26
20
20
21
20
21
22
23
23
20
21
22
22
21
27
20
23
22
22
24
22
21
22
24
22
22
20
20
25
22
22
20
22
20
21
20
23
26
20
21
22
24
20
21
22
21
20
22
22
26
21
20
20
20
24
26
24
22
22
22
28
22
20
20
24
23
20
21
21
28
25
20
23
20
20
24
27
24
24
25
27
24
20
22
27
28
22
20
20
22
21
22
22
29
20
22
24
22
20
26
22
22
24
23
22
29
33
32
21
25
20
20
21
31
20
21
22
20
20
24
22
20
24
20
22
24
31
20
22
21
23
22
20
23
22
22
24
24
22
20
23
21
21
28
22
24
24
22
23
22
21
24
23
22
20
25
20
22
22
22
24
20
31
22
22
20
26
21
20
26
22
38
24
22
20
22
24
22
22
22
22
23
22
20
23
20
20
25
20
21
21
23
22
23
20
20
20
22
26
34
22
23
21
24
24
22
20
21
22
21
30
24
20
23
23
26
29
23
22
20
22
25
20
21
20
22
21
22
23
21
22
24
23
20
20
24
22
20
22
27
20
21
20
22
22
23
20
22
22
22
23
20
22
27
22
27
22
20
22
20
25
22
25
22
20
23
25
20
20
20
24
21
35
20
22
24
24
26
22
20
22
22
21
22
22
24
29
20
24
24
20
22
22
22
22
20
23
22
20
23
21
24
22
24
22
24
21
20
26
20
24
20
22
24
20
22
20
21
22
22
24
23
24
26
24
20
20
23
21
25
22
23
26
20
22
22
20
20
21
21
22
22
21
22
24
20
24
20
23
24
28
20
22
25
22
26
21
22
20
21
20
26
20
20
28
22
20
22
22
21
22
24
26
20
24
23
24
32
24
30
21
20
20
24
20
20
22
21
25
23
22
24
20
21
20
26
23
22
21
25
20
20
20
20
22
37
26
26
21
22
25
22
23
22
24
24
27
23
20
22
24
22
24
21
29
20
23
20
22
25
20
22
26
20
20
21
20
23
22
22
22
20
22
21
20
24
27
20
21
22
22
20
28
20
21
23
20
23
22
24
20
20
22
24
24
20
28
23
26
20
28
24
20
24
20
22
23
26
21
22
26
21
27
24
21
24
22
22
20
25
20
25
20
22
20
22
21
24
21
21
25
21
21
28
22
24
25
22
21
20
20
22
26
22
20
20
24
22
24
21
22
21
20
20
22
26
20
22
20
23
23
25
24
22
22
20
20
20
23
20
23
23
24
20
25
22
24
33
23
27
24
25
26
22
22
24
20
24
28
22
38
24
22
20
21
22
20
20
22
23
25
22
20
21
25
26
22
22
24
22
22
20
20
22
20
30
24
24
24
20
22
27
22
22
22
20
26
28
24
24
22
23
22
21
23
22
20
21
20
24
20
22
21
20
24
22
24
24
22
20
20
20
22
20
22
21
20
24
21
20
22
24
22
24
20
23
24
22
24
25
24
20
24
22
23
22
25
26
21
23
20
20
22
22
25
20
22
22
20
20
22
26
21
25
26
24
24
27
21
26
24
25
20
25
20
22
22
20
24
24
21
26
20
20
23
22
22
22
23
21
20
21
22
25
23
22
22
22
21
23
31
24
24
22
24
20
23
20
21
24
21
31
22
20
22
25
26
22
20
22
21
21
20
25
20
21
20
21
20
20
20
22
24
30
22
22
22
20
22
24
24
20
22
24
20
20
31
23
24
20
21
20
23
24