501
701
628
3515
1466
2369
4590
1324
370
279
15857
241
116
119
440
124
117
173
151
214
85
185
104
157
110
114
122
81
158
69
41
63
38
67
48
58
36
54
46
50
29
54
31
69
41
40
40
25
37
22
63
48
82
24
42
30
35
33
30
25
24
22
51
23
23
25
31
23
24
37
28
31
25
73
21
21
66
26
29
34
27
40
23
25
25
21
32
61
29
25
21
20
22
22
36
28
20
25
29
20
20
20
25
25
28
24
24
22
24
20
21
20
24
22
21
23
20
24
20
23
20
20
22
22
25
20
21
22
45
23
20
23
22
20
24
20
20
20
21
20
20
29
20
43
24
20
21
20
22
20
20
21
20
23
26
24
22
25
25
20
25
20
23
20
22
22
22
25
22
20
25
25
24
22
24
22
20
22
23
23
21
22
21
26
20
21
20
20
25
24
20
20
22
21
24
22
20
21
24
20
24
21
21
23
20
20
22
22
24
20
23
25
24
27
20
23
20
24
22
23
21
24
22
26
20
20
26
26
20
21
24
22
23
20
25
20
25
20
22
20
24
22
20
24
20
22
24
21
22
22
36
21
20
21
20
20
22
27
21
20
26
20
22
24
22
22
28
23
20
22
28
24
20
22
20
22
24
20
20
20
30
20
25
20
24
24
20
20
22
22
22
27
20
20
24
22
20
20
24
21
24
22
24
20
20
24
20
27
21
20
23
22
20
22
29
20
30
25
20
20
20
20
23
22
22
25
22
26
22
25
23
22
20
30
22
20
20
26
20
24
24
24
20
23
21
24
30
22
22
21
20
20
26
25
22
22
20
20
21
20
22
20
21
22
22
20
22
22
26
26
20
24
20
20
25
20
20
24
20
20
20
24
24
25
22
22
21
22
24
23
24
20
21
21
24
22
20
24
25
21
24
21
23
22
26
20
22
27
24
21
22
22
26
24
20
24
22
23
21
22
24
20
24
22
20
26
22
20
24
25
24
25
22
20
25
23
20
20
20
27
22
22
23
20
20
20
22
20
20
26
27
22
20
20
20
24
20
36
22
20
24
25
21
22
23
22
24
22
28
21
23
25
24
20
20
20
26
26
21
22
22
25
20
24
22
24
26
26
26
22
23
22
20
21
22
20
26
23
20
20
20
21
22
20
20
22
21
23
22
22
26
25
20
22
22
23
22
25
24
20
22
20
20
22
22
22
22
21
21
22
20
24
22
20
21
23
24
22
23
22
26
26
20
24
24
20
22
25
22
26
20
21
27
23
22
24
20
26
25
30
20
22
29
24
22
22
26
24
28
26
20
21
24
20
22
20
20
22
22
20
25
20
23
22
20
20
20
22
25
20
20
22
26
22
24
28
24
22
24
21
23
22
20
25
22
20
20
24
20
22
22
26
20
28
20
22
20
20
20
24
22
25
20
22
20
22
21
20
20
22
27
24
20
24
27
20
26
23
20
26
22
20
21
23
22
24
20
24
24
24
24
24
20
22
24
20
22
22
20
22
22
21
28
26
20
20
20
20
23
22
26
22
20
20
20
20
22
22
22
23
23
25
20
21
24
22
22
27
20
20
23
24
22
20
20
21
21
24
22
29
21
23
21
20
22
21
21
22
22
24
20
22
22
22
23
25
20
22
20
22
20
28
21
22
24
26
27
22
22
23
20
23
24
23
20
24
22
24
23
21
23
23
20
23
20
25
22
22
24
20
22
20
23
22
24
23
20
22
20
22
26
22
23
22
22
20
20
20
20
20
22
22
20
22
20
24
20
24
21
22
24
23
25
22
20
25
20
20
29
26
27
26
22
26
22
23
25
20
22
22
24
20
20
24
26
20
22
20
23
20
21
22
20
20
20
26
22
22
22
24
22
27
21
20
20
22
22
28
23
20
24
21
21
20
20
22
24
23
20
26
24
26
22
20
22
25
20
24
20
25
22
21
22
20
25
23
22
23
23
23
24
24
22
23
22
25
21
20
22
20
22
20
27
20
25
22
24
24
20
24
20
27
20
24
22
20
26
20
32
20
23
23
21
22
21
23
22
20
26
25
20
22
22
24
20
23
23
23
23
22
22
22
20
24
20
23
22
20
21
20
20
20
23
22
20
20
20
26
23
21
20
22
24
22
21
24
24
22
25
24
28
24
30
20
22
20
23
23
21
22
20
22
21
20
20
27
20
20
22
22
21
29
22
28
20
22
21
23
25
22
22
23
20
22
23
23
27
24
21
22
22
20
20
23
22
24
27
22
22
21
22
22
24
20
20
24
24
21
22
22