297
260
1078
351
1301
124
1227
55
531
224
458
257
525
314
541
215
506
179
157
243
475
197
394
198
253
233
326
156
372
263
209
148
243
137
247
279
191
92
320
235
246
157
219
193
236
117
156
204
113
190
147
189
210
62
217
105
263
104
181
93
200
170
136
130
130
129
207
155
106
129
158
211
163
73
125
121
103
177
139
114
71
196
65
76
125
189
196
70
166
137
77
73
81
190
98
130
87
144
142
98
76
76
236
141
108
110
51
129
113
59
45
149
107
57
135
91
137
158
97
75
81
129
50
98
80
150
72
57
138
197
55
28
131
39
100
128
70
79
92
77
136
73
61
107
91
78
75
39
49
92
73
140
102
65
139
132
89
54
63
92
80
102
41
144
75
42
34
99
78
52
88
38
99
82
48
98
56
88
51
65
73
64
135
105
89
74
55
58
119
50
64
40
164
35
53
37
44
55
113
117
69
78
83
61
89
47
34
43
47
62
48
91
120
66
39
40
53
85
106
60
37
86
40
77
36
52
42
88
53
54
88
67
64
48
36
40
49
63
86
31
99
64
67
80
78
43
63
46
73
49
74
69
53
76
43
28
39
59
63
88
29
33
64
84
34
103
69
42
25
70
27
76
31
57
68
43
40
45
88
95
51
23
56
48
79
31
30
56
33
74
39
36
66
62
55
41
43
99
72
22
69
28
80
63
35
46
63
33
36
41
34
28
40
53
44
38
74
32
58
80
37
72
33
35
57
46
60
52
26
52
58
80
35
50
24
48
50
52
28
65
39
31
39
50
63
44
21
66
45
69
70
49
35
34
39
52
36
59
54
35
61
62
28
33
36
45
50
32
32
29
35
36
71
38
37
61
31
32
46
33
33
34
33
69
26
45
53
49
66
32
40
44
44
32
48
37
30
31
68
43
47
27
57
52
35
33
38
41
63
27
31
64
30
45
27
24
33
30
30
23
42
52
31
41
26
77
33
45
46
42
57
34
39
40
38
32
32
30
42
44
36
28
31
33
38
24
58
52
62
33
49
21
32
26
30
37
44
24
49
28
23
30
40
32
26
45
28
43
65
74
37
33
36
23
29
40
31
40
45
21
48
47
32
39
27
43
71
25
48
25
23
55
29
23
30
29
31
44
25
31
25
28
48
30
31
32
51
50
26
21
47
22
35
20
45
42
26
28
21
38
29
27
30
62
21
45
25
28
42
39
24
23
27
20
26
67
66
26
32
21
39
31
28
27
23
25
25
27
34
57
33
26
27
36
41
46
28
34
44
39
25
39
24
31
24
25
22
32
25
30
29
34
24
29
30
50
23
35
27
25
26
37
42
20
25
36
25
31
27
26
39
27
26
24
27
34
30
33
22
32
59
31
41
26
31
32
20
31
39
32
23
27
28
23
26
28
23
29
22
39
50
30
37
22
26
24
41
27
26
28
28
24
34
34
38
28
21
25
30
36
20
22
36
25
26
24
32
32
23
34
26
22
40
59
27
27
34
42
27
25
22
27
28
36
25
22
24
62
27
24
22
34
34
26
24
33
24
21
23
22
26
27
25
22
23
33
28
35
42
22
25
23
21
47
21
29
26
24
50
24
32
42
28
35
20
22
26
24
24
26
23
22
27
20
26
27
25
25
22
30
26
24
56
23
23
20
21
26
20
32
25
20
26
23
27
35
27
26
21
41
22
53
21
38
24
31
20
31
23
28
28
22
21
29
31
23
22
22
20
34
25
30
23
22
32
22
31
22
24
34
22
20
20
45
23
25
35
22
21
24
20
21
28
43
24
24
31
20
24
24
30
24
26
28
23
22
26
23
21
22
37
32
24
22
22
22
37
23
29
20
34
25
26
34
27
22
20
23
28
21
38
20
24
20
37
22
25
20
22
28
24
22
21
24
20
23
29
23
22
20
24
29
22
23
24
23
24
27
41
20
24
20
50
21
20
28
24
24
22
20
21
25
20
27
20
28
26
24
20
20
28
22
22
22
21
27
21
23
20
25
27
22
21
39
22
35
23
20
25
25
21
25
23
23
20
22
26
22
21
24
21
22
24
22
20
22
22
32
25
23
25
20
38
20
20
22
26
20
32
21
24
24
25
20
26
20
24
33
24
23
30
22
24
23
24
20
29
26
23
24
24
25
21
22
22
22
24
21
24
22
21
20
21
21
22
28
29
25
25
20
24
25
23
26
22
24
20
26
25
21
20
24
28
22
26
23
22
22
22
21
22
24
20
27
23
20
21
22
21
21
22
22
29
24
22
21
38
20
22
22