130
787
290
530
309
214
172
258
186
183
204
214
115
171
164
181
124
150
108
105
124
104
70
52
110
98
82
68
128
93
77
88
62
80
77
63
140
66
49
92
42
108
105
89
67
37
92
46
62
74
46
65
60
86
47
67
69
57
49
35
48
74
55
51
35
58
53
53
40
67
65
54
45
30
67
29
44
45
43
39
47
39
65
38
38
27
25
22
66
31
48
60
34
50
42
39
23
52
28
30
54
25
50
36
44
31
34
26
40
29
41
36
26
45
32
44
22
26
34
51
26
29
31
27
27
22
24
21
37
30
26
50
40
35
25
22
35
22
28
30
37
24
27
41
22
27
20
27
23
27
32
24
21
41
23
20
24
26
26
34
24
23
21
30
33
28
21
24
23
32
22
24
31
34
29
21
24
21
41
33
21
22
30
26
25
22
20
21
27
25
29
28
22
21
24
25
20
20
28
24
25
21
21
22
24
22
22
22
22
25
24
26
24
20
29
22
23
22
20
22
26
20
22
27
30
24
20
24
21
24
22
20
34
22
25
24
22
20
22
20
22
22
22
26
26
24
20
21
20
22
22
24
22
22
26
22
20
24
22
20
22
29
23
23
22
24
22
22
22
26
20
21
20
23
21
22
20
20
22
20
25
22
20
23
20
22
20
21
22
20
21
24
26
20
22
23
20
23
20
21
22
29
21
20
20
23
20
20
22
24
21
23
21
24
22
23
21
21
22
22
20
20
24
22
21
20
20
22
20
21
24
22
22
27
22
20
21
27
24
20
20
20
22
20
27
22
20
22
24
22
21
22
23
21
20
20
29
20
22
20
24
26
20
22
23
23
30
24
22
25
20
20
21
22
23
25
21
26
24
24
20
20
25
24
26
22
22
23
20
22
21
23
23
21
22
26
22
23
21
24
25
23
20
28
20
20
21
20
29
25
24
22
22
29
22
21
21
20
20
25
22
29
31
20
23
20
20
24
25
20
24
22
20
23
29
21
20
23
21
20
23
24
22
25
22
27
25
22
25
22
22
22
22
25
23
22
22
20
22
27
20
22
21
25
20
24
21
25
20
20
22
26
22
22
22
24
24
24
22
27
24
25
26
21
23
22
22
22
23
24
20
20
24
22
20
20
20
28
24
22
21
25
27
23
41
27
21
21
24
22
20
21
22
23
22
22
27
20
20
20
20
22
22
23
20
22
28
20
23
20
24
22
22
21
22
22
22
26
20
20
20
22
22
23
20
20
20
22
25
20
24
29
26
22
20
26
21
21
20
20
20
22
22
20
25
23
20
22
20
24
24
20
20
24
24
22
22
22
24
26
22
24
21
22
24
25
25
22
20
20
21
20
22
22
23
20
26
21
24
27
28
24
27
21
20
22
25
20
25
20
24
27
25
24
20
20
22
21
23
20
24
24
27
21
22
24
24
20
24
20
22
22
23
32
25
22
22
33
33
21
20
23
21
21
22
20
22
20
21
20
24
22
23
24
20
21
22
20
24
20
25
22
20
31
23
20
22
20
22
24
24
20
22
20
24
23
24
28
20
24
22
22
21
27
22
21
20
21
22
24
27
22
22
22
21
24
20
20
22
22
21
20
23
20
20
20
20
24
24
22
24
28
22
22
24
26
40
21
20
25
26
28
24
20
20
22
20
24
22
20
27
21
24
22
20
20
27
20
23
20
26
21
23
26
26
24
22
28
27
22
23
20
20
20
24
20
26
22
27
20
20
20
20
21
22
22
21
27
23
20
26
22
20
20
24
23
20
30
23
24
21
22
20
20
22
20
20
20
20
23
20
20
20
20
27
20
24
22
20
25
27
26
20
21
31
22
22
26
21
21
26
20
28
23
24
20
20
22
20
25
21
20
22
25
20
20
20
24
22
23
22
21
24
24
24
21
24
20
28
20
22
22
24
20
20
25
26
26
24
24
22
28
27
26
23
23
22
20
21
24
20
28
22
20
20
25
27
20
20
20
25
20
25
22
22
22
21
20
23
20
27
20
22
24
24
24
22
20
24
21
24
23
24
20
30
20
22
23
20
24
21
24
22
20
20
26
26
24
21
20
22
22
20
27
25
26
21
20
26
20
20
22
24
20
24
22
22
25
23
22
24
23
26
25
24
23
26
24
22
29
22
24
22
25
24
24
22
20
20
20
23
23
22
22
23
22
20
21
20
26
26
27
20
22
22
26
24
25
28
26
22
22
20
22
20
21
22
20
22
31
21
20
21
24
24
20
20
24
20
20
21
20
20
20
22
24
20
20
24
24